21
15
39
19
31
21
4
47
31
35
30
30
37
30
23
6
1
11
47
3
26
6
23
29
42
20
21
8
20
30
24
20
18
2
28
12
38
6
24
28
19
27
17
28
27
35
32
45
6
39
48
29
20
14
17
14
36
40
44
13
32
13
48
46
49
20
41
6
35
1
4
15
5
5
47
2
10
17
49
29
7
46
14
20
15
21
5
8
29
9
3
41
39
11
10
48
19
28
3
15
50
48
21
41
33
21
25
48
34
6
34
33
49
15
2
1
48
44
34
5
50
13
5
12
29
40
24
16
37
34
25
31
41
43
49
29
11
18
4
22
32
8
24
15
16
5
34
24
34
23
25
10
23
9
2
8
30
9
15
20
25
9
43
34
36
40
38
31
36
46
32
33
27
2
49
15
38
35
28
46
48
4
10
44
14
27
42
17
4
9
28
25
26
35
24
10
28
32
31
42
50
33
21
26
42
38
7
50
41
17
10
42
45
29
12
47
12
3
28
46
25
5
6
4
12
31
12
21
27
40
34
37
25
25
32
10
21
6
27
45
7
41
46
24
41
34
35
1
19
44
33
5
13
11
27
13
40
35
14
16
25
4
9
37
45
28
42
19
38
43
42
17
29
16
9
34
47
39
39
29
43
30
34
35
24
23
8
2
47
46
45
41
13
44
49
32
36
26
39
21
43
2
17
23
4
31
45
7
8
34
47
48
35
31
32
35
47
6
29
3
32
12
17
10
16
9
15
3
1
36
8
2
36
46
12
24
7
19
40
36
50
18
43
46
42
32
33
17
8
14
16
11
13
32
29
26
13
17
16
28
30
48
22
31
23
16
1
37
20
40
32
37
4
27
28
25
1
47
19
7
43
46
34
25
42
31
23
20
10
41
44
11
27
16
46
2
7
37
40
23
17
15
40
47
43
29
19
7
33
9
10
33
8
18
18
19
14
6
25
48
39
12
24
49
28
2
41
5
15
11
12
9
33
21
30
23
30
34
13
9
15
29
13
33
39
48
10
46
48
46
33
37
36
41
13
31
10
5
10
10
36
6
29
12
45
18
13
23
50
33
15
24
15
36
34
34
13
45
41
9
6
1
5
36
46
8
28
43
4
40
5
42
9
36
23
29
24
15
10
45
25
42
36
5
23
30
29
21
8
27
41
39
3
43
6
11
50
2
34
44
6
1
41
30
10
28
29
49
5
27
33
8
49
32
5
29
30
4
38
36
46
35
24
31
41
36
4
26
33
45
42
45
20
9
47
42
43
27
24
46
37
15
8
46
15
23
36
10
28
7
41
32
13
20
22
23
48
37
47
31
36
50
14
18
44
2
15
3
1
13
10
45
14
25
12
8
18
38
34
29
3
14
15
31
7
2
41
9
3
49
5
12
27
33
13
18
18
41
30
26
32
17
31
43
21
39
30
24
19
47
33
32
43
7
27
50
2
40
42
23
27
33
11
50
29
45
47
16
20
6
6
45
17
43
47
30
5
22
1
36
48
16
31
47
38
31
23
27
27
28
46
17
9
11
24
33
5
30
23
29
20
41
13
43
21
36
7
36
46
34
23
11
2
16
4
8
3
34
15
11
50
41
41
45
45
34
7
29
16
23
36
22
15
20
42
27
32
18
44
18
15
25
43
29
8
4
40
14
10
48
19
30
8
9
3
39
34
31
50
50
32
7
5
29
43
17
38
46
43
20
12
14
24
8
35
35
37
1
21
34
11
48
39
19
40
30
7
32
35
41
25
25
5
35
46
1
29
29
4
47
32
7
25
17
41
44
36
41
8
13
49
14
14
3
24
4
44
41
45
8
46
42
14
39
14
50
2
37
45
7
39
19
46
28
32
1
21
42
7
46
16
48
22
8
38
2
1
12
46
20
32
32
50
30
38
4
1
45
47
20
37
27
3
16
3
48
16
24
49
25
21
9
11
48
5
37
9
12
10
46
6
25
47
23
30
31
18
49
36
25
33
42
27
1
18
42
37
42
38
43
48
12
47
44
43
38
19
16
38
45
2
4
43
18
38
38
30
16
5
20
41
19
1
20
43
3
3
38
2
22
42
10
20
47
19
26
17
8
21
34
5
1
18
13
2
48
22
41
26
5
36
24
44
17
23
43
18
50
23
28
9
3
23
40
18
8
24
42
48
28
22
10
32
24
25
34
6
28
46
16
34
30
30
17
12
13
29
5
17
3
33
9
44
23
19
28
27
37
34
21
43
34
36
32
13
14
19
25
45
17
31
29
41
47
45
20
14
34
29
8
